Frequence=1200;
frequenceStop1=Frequence-0.035*Frequence
frequencePass1=Frequence-0.015*Frequence
frequencePass2=Frequence+0.015*Frequence
frequenceStop2=Frequence+0.035*Frequence
 {{1,-1.737203919838636867467585034319199621677,  0.992420141860667293087772122817113995552}, {1, -1.754767432391053594287200212420430034399  ,  0.992664398454746521593961006146855652332},{1,-1.73326227178193525979565947636729106307 ,  0.981967789921266653863085593911819159985} ,{1,-1.740623326307483509367557417135685682297,  0.982209577156981650247757897886913269758}};                        